100
a d b g f c
g c f d e
f g e d a b
g d a b e
b g f d e c
a e b c g d
e a b d
a c g f
d e a b f g c
d f b e a c g
b c g f
f a d b c
c b d f
c a f d e b g
c d a e f g b
c g f d e b a
c d e f a b
d g f b e
b f a d
g b f c d a e
e a b g f c d
f a g c b d e
f d c e
c g f b d e
e a g c b d f
g e d c b f a
d c b e g
g e b a c d f
e g d a
g e d a
b e a g
g b f a d c
b f c g
f e g c
f d b g c e
a c e b f g d
b g d a c e
d a g c
c d b g e a f
c a e d b f g
c b f e
a d e b
d e f b
f c d e g
d g f a e c b
g c e b a d
d c g a f b e
b a d f c e
b c d e g a f
f b a g e
b c a f e d
c d e b
d a f c b g e
c f g a d
d f b e g a c
d c f b
e a c d b g f
a d f c
b f c a d g e
c a d f
b e f c d a
a b d g
d f c b e
c b f d a e
c d e b
d a g f c e
d e g c a b f
d e c a f g b
g e f d a b c
b g f a c e
a f d c g e
d c g a b f
c a d e b f
d c f e
a g c e d b
g d c a e b f
c e f b g
e f d g c
c a g f e
b f a g d c
b f a g e c d
a g d b f c e
e d f b a c
a d c b
b d a c e f g
c b d a
c e b d a
a c b d e g
b f d g e a
b a e f c g
a f b e g d c
f d g e
b a c e f d g
g a c b e d
e g c b d
f a b d e
b f e g a d c
f e g c
c e d a b f
c g f b d e a
0 32 29 99 48 76 63 33 77 25 44 26 72 58 67 62 87 31 80 59 66 57 89 18 86 28 10 21 45 6 82
1 28 80 75 18 62 94 65 53 51 81 8 24 30 45 15 55 22 72 85 54 52 78 41
2 28 16 51 86 23 71 12 95 41 53 10 13 38 72 46 26 62 77 55 75 54 56 52
3 60 93 75 77 58 4 46 59 21 14 47 8 98 76 19 61 18 15 54 42 30 2 49
4 91 68 37 76 69 11 81 54 48 78 72 45 33 96 73 23 5 29 99 93 24 6
5 73 3 74 89 86 9 88 76 64 83 62 51 19 48 22 94 87 77 54 78 32 40 16 20 60
6 31 1 57 21 68 43 30 94 63 28 52 27 55 34 95 38 17 98 10 39
7 9 42 96 44 16 1 31 89 51 46 98 97 2 88 49 87 50 11 24 77 59
8 36 22 37 97 93 75 17 35 67 10 57 99 89 46 78 86 54 30 59 33 80
9 62 92 99 31 78 60 55 12 41 82 86 75 76 28 73 46 66 91 42 51 71
10 25 27 10 67 18 49 79 57 11 60 63 47 65 46 23 95 26 75 43 19 90
11 23 59 78 50 94 39 7 2 75 86 56 82 53 9 34 81 63 14 31 27 61
12 97 25 51 34 39 52 42 69 70 31 71 53 33 93 67 7 87 28 32 20 30 38 49 63
13 79 46 47 74 27 22 19 93 62 34 45 86 35 18 82 80 2 42 64 26 3 29 97 9 31 14 17
14 10 7 12 58 9 71 81 84 24 73 20 52 83 68 28 69 93 77 72 89
15 21 83 38 79 24 78 29 91 96 46 31 41 52 32 0 47 87 56 11 42 93 65
16 56 65 2 21 63 33 3 31 38 15 96 28 25 64 23 53 85 66 73 7 4 8 37 46 89 20 34 9 75 84
17 30 7 74 11 56 37 59 51 96 5 29 62 34 65 87 94 33 38 16 24 97 63 76 52
18 48 87 53 30 32 61 75 45 50 95 40 89 77 68 62 0 16 76 29 67 1 21 3 14 5 42
19 94 78 45 29 54 65 98 85 55 46 59 92 18 89 7 16 75 72 88 67 80
20 57 56 92 96 91 51 39 22 69 17 74 71 44 14 36 50 37 28 21 16
21 49 79 7 3 15 60 34 6 90 44 26 96 39 80 83 99 94 73 88 97 25 74 4 58 66 86 63 19 69 84
22 41 91 17 74 70 61 73 23 20 65 6 8 34 19 5 78 82 99 35 30 29 32 43 68 1 55 53 31 81
23 43 84 4 29 16 0 26 12 21 45 49 88 64 77 66 30 40 33 62 91
24 53 32 40 4 68 10 0 92 88 46 86 93 17 33 42 7 91 89 45 48
25 18 56 55 13 31 46 20 57 21 69 98 34 93 2 88 85 80 38 70 30 75 97 68 65
26 80 40 52 23 43 48 39 61 12 16 97 82 53 63 45 19 41 7 71 28
27 99 41 70 16 33 53 89 77 7 2 82 92 74 20 15 21 51 85 36 94 83 48 34
28 91 57 74 64 1 47 65 86 56 75 38 14 21 78 90 66 3 11 31 61 53 95 16 20 87 32 52 67
29 88 59 40 24 74 84 53 63 4 57 61 97 96 62 86 48 66 43 71 10 19 56 29
30 88 93 46 35 78 3 18 70 17 89 98 37 82 86 90 26 14 60 5 54 87 7
31 83 41 26 8 19 2 14 61 75 93 62 29 74 21 98 89 66 94 15 6
32 96 79 98 39 42 47 26 67 18 35 44 27 3 21 49 30 83 85 4 94 24 41
33 20 93 70 79 52 58 90 56 31 87 11 0 62 47 36 73 51 68 77 99 39 25 97 21
34 46 58 30 93 57 62 6 28 21 45 92 10 89 20 56 53 81 0 69 95 76 65 78
35 43 57 91 12 42 70 78 21 69 17 46 76 90 31 77 95 13 45 87 61 68 33 99 20 16
36 10 28 39 24 2 27 31 67 1 90 41 9 92 58 14 15 71 73 78 4 83 64 99 40
37 44 34 9 46 75 53 38 36 43 71 2 90 63 8 32 57 51 66 12 5 96 83 28 99 0 27 41 93 81
38 71 99 50 75 82 16 34 0 43 46 44 54 47 65 6 79 37 4 77 57 86
39 96 40 31 88 1 63 54 83 34 68 95 84 79 82 97 16 43 18 75 91 42 80 48
40 7 83 42 32 35 27 13 71 24 30 44 9 1 60 82 99 72 28 33 77 36 87 11
41 34 69 59 90 13 21 95 84 62 79 86 38 64 91 15 1 35 4 74 24 47 2 16 17 36 46
42 4 95 71 94 35 93 12 88 68 78 32 21 15 65 51 75 77 58 30 81 29 90 39 62 13 34 1 49 10 64
43 65 14 12 15 58 94 36 43 55 5 62 42 89 90 37 29 17 96 49 97 51 32 87 81 40
44 17 2 13 23 83 15 49 89 44 60 39 12 96 65 92 86 87 71 48 31 94
45 8 70 92 72 17 20 86 25 36 99 98 18 62 21 51 32 39 90 58 91 0 95 55 34 78
46 59 87 0 66 14 75 5 82 42 70 57 67 22 92 1 84 35 55 44 62 53 46 28 32 38
47 22 68 59 39 27 2 88 21 63 54 49 46 0 53 98 15 91 51 9 83 26 31 77 12
48 64 22 96 6 74 26 31 27 56 1 93 81 30 21 88 23 57 91 42 66 58 48 79 17 28 94 18 11 52
49 19 45 3 0 14 27 70 73 85 79 57 50 54 30 99 77 25 18 38 17 97 93 26 35 63 20 22 72 81 64
50 96 9 8 74 66 49 14 69 28 36 11 16 10 46 70 31 13 56 27 25 77 15
51 63 12 18 38 28 10 25 83 71 5 52 64 7 91 72 98 53 24 74 31 45 41 79 37 82 16 94 70 51 93
52 79 91 14 61 3 10 44 7 63 36 25 23 62 30 57 34 92 5 22 28 82 74 9 71 40 66 76 49 12
53 44 28 32 7 64 86 24 12 75 66 63 68 35 47 83 46 36 31 40 93 16 15 45 57 9 65 67 22 2 77
54 91 52 5 18 48 60 81 57 80 44 21 34 20 7 53 99 39 15 95 68 97 61
55 57 30 40 72 41 80 10 63 9 36 15 23 74 90 86 5 67 11 28 91 73 61
56 45 35 33 11 70 52 55 25 83 9 22 27 62 95 84 4 82 13 37 18 53 75 60 16 99 66 38 90
57 53 95 27 76 97 98 65 29 31 85 94 2 14 63 23 56 51 15 54 34 44 61 83 74 52 30 75 20 60
58 78 79 4 60 61 20 67 77 94 10 0 14 44 31 35 6 1 29 83 80 23 89
59 58 29 43 77 66 48 52 32 95 64 75 9 28 67 85 27 38 16 8 36 87 97 26 91
60 66 18 22 63 31 1 59 42 55 51 68 11 90 0 82 21 73 88 76 30 72 43 64 91 69
61 5 88 35 14 95 90 72 17 24 56 44 53 43 2 63 31 80 73 76 81
62 8 81 32 74 11 25 24 28 62 90 64 23 56 78 77 48 76 12 68 82 34 18 65
63 13 7 22 77 19 34 18 47 79 75 12 23 96 93 50 38 83 70 74 17 6
64 3 25 57 82 80 64 34 95 26 42 7 17 98 22 84 94 38 58 6 41 61 55 88 8 69 96
65 40 14 68 13 94 37 90 10 7 23 99 5 64 93 24 83 53 47 41 95 4 29 28 54 8
66 34 10 11 93 88 16 12 98 25 59 86 99 66 64 49 23 94 52 73 55 60 69 14 30 42 61 47 27 38
67 94 36 4 76 56 92 57 71 90 80 31 42 91 69 30 86 22 6 18 23 13 75 32 78 54 45
68 35 41 82 73 14 99 48 18 8 70 25 37 59 68 1 75 30 76 45 43 52
69 47 27 33 30 3 50 14 32 6 21 94 54 61 29 7 97 11 74 48 67
70 4 71 83 59 82 50 76 69 66 46 65 68 3 0 87 18 8 51 23 63 77 10 90
71 42 64 18 48 45 84 44 25 53 28 83 52 9 32 90 89 16 56 51 50 2 82 72 33 85 40 68 13
72 41 63 42 91 65 18 67 10 98 32 92 81 56 22 95 36 17 77 45 57 64 66 61 52 5 43 47 71
73 50 3 19 68 52 15 69 32 54 74 2 96 35 5 18 91 67 38 6 71 4 12 98
74 16 90 91 66 57 34 96 50 41 43 68 54 28 24 67 42 7 61 75 13 63 86 80 59
75 8 17 15 53 0 40 66 86 99 73 95 72 4 13 41 70 33 21 44 48 94 96 91 27 35 77
76 48 27 72 81 30 19 39 70 3 89 16 13 40 83 73 46 5 90 66 2 18 33
77 58 24 76 0 91 73 57 6 90 38 12 69 44 88 9 8 22 82 13 99 98 31 81
78 77 92 47 69 86 52 82 12 56 39 41 49 61 2 27 31 7 14 26 3 78 57 48 29 33 42 15 9 99 87
79 15 23 98 0 99 39 54 18 85 57 8 1 88 37 74 56 64 73 66 14 51 17
80 4 81 14 15 17 34 63 89 1 25 23 24 64 92 73 77 98 32 83 35 67
81 83 44 57 11 96 92 15 65 90 60 99 64 18 5 29 40 81 50 26 0 95 55 53 4 86 97 69
82 86 76 40 96 9 70 2 0 72 73 13 52 78 18 75 67 97 1 43 24
83 16 97 45 55 79 28 65 12 4 70 73 13 48 76 9 84 44 86 95 75 77 17 85 20 22 38
84 85 59 47 73 86 56 22 21 75 63 74 62 52 30 43 67 15 35 9 96 42 36 16 60
85 1 92 75 68 94 65 91 89 82 73 25 72 2 27 56 0 22 20 58 99 41
86 67 35 82 81 10 44 95 98 53 68 74 45 8 21 48 1 93 55 31 29 75 72 22 66 86
87 44 14 19 95 7 76 65 1 93 70 74 89 53 77 81 94 16 85 40 63 84 62 11 0 59 97
88 6 65 53 34 0 74 51 69 83 28 89 7 78 4 64 26 62 14 66 32 61 30 16 59 71 40 90 55 33 88
89 45 70 81 40 39 25 69 3 83 61 2 55 77 80 67 50 95 33 0 32 19 79 36 38 53 76 94 29
90 93 8 10 42 41 92 80 55 11 89 71 40 88 69 48 94 0 75 12 73 76 85 44 18 59 50 28
91 15 28 89 12 60 82 22 14 21 45 69 30 88 25 62 59 92 16 48 95 65 46 98 35 34 43 66 23
92 52 60 66 99 41 92 84 30 6 67 65 3 68 36 44 50 16 7 25 74 13
93 92 71 19 88 5 0 72 22 83 79 76 53 63 77 95 34 49 91 2 37 47 55 6 45 48 98
94 94 73 21 50 36 74 4 30 28 98 48 90 99 84 10 32 27 41 70 35 22 51
95 99 73 65 30 18 31 47 1 13 97 36 8 80 76 58 71 96 46 4 23
96 0 56 51 84 6 48 24 20 85 11 50 34 27 16 2 59 55 47 29 73 49 81 76 4 23 33 92
97 98 90 3 14 31 4 76 43 2 38 28 75 26 59 29 53 42 78 46 9 99 84 34 73 56
98 39 43 49 90 20 21 92 9 62 55 18 13 95 36 42 7 33 77 79 5 6 48 82 17 96 53 75
99 49 82 54 3 55 77 56 71 90 16 86 73 10 46 67 72 38 96 40 20 44 50 75 84